5.619118617493827905e-01
4.315811342659401362e-01
6.995400555672119935e-01
-6.111572554734283624e-01
1.201178694008831593e+00
-3.644385467182964522e-01
1.047114730472060051e+00
8.036165599298794593e-01
3.654926766165087493e-01
2.764718777095565017e-01
5.782717010606810426e-01
-7.673150697837756162e-01
-4.657199000207945527e-01
1.742802159988811717e+00
-2.517404752747034458e-01
2.031951577082007354e-01
-1.128319639980244427e+00
4.813336516490749339e-01
-1.904996907881274293e+00
-1.399394416232122351e+00
1.101902986428856090e+00
1.495159607234611387e+00
-4.888114337540230281e-01
3.091310257152701801e-02
-7.511379420730812662e-02
-1.476700902078096789e+00
-1.403137712903839152e-01
-1.409005114022803928e+00
-5.763239124394690105e-01
-3.403699249323721698e-01
8.643272626773503831e-01
1.661088659455719263e+00
1.649647392028253279e+00
-2.481347244233123917e+00
8.364356281617313371e-01
-3.324186177104759832e-01
-5.080919416650120368e-02
-1.466186568478673236e+00
9.897699219617115407e-01
-5.340746429140121876e-01
6.662745526722442246e-01
-1.036728457398022440e+00
-5.321233187825389344e-01
-7.361949377392975613e-01
-7.113981140369092238e-01
1.236359950300271793e+00
5.084049743990486370e-01
1.624901985964486428e-01
-7.857986399580323411e-01
1.107234377476209009e+00
-1.908511087569755293e-01
-1.359070076903193147e+00
3.494118917832103044e-01
3.382127821567944004e-01
-1.069584266859253230e+00
1.284136940421903850e+00
1.052921126798413987e+00
-1.432593783938373333e+00
3.904507507136605327e-01
1.870216358820289582e+00
-2.832152665745504727e+00
-1.250305808782721684e+00
7.149364260539963212e-01
5.503199773261233663e-01
-1.454501090510155858e+00
5.299745683865211276e-01
-4.318524394977338865e-01
1.681890782656885186e-01
7.829548485696058435e-04
9.029752508697466151e-01
-3.818902002282185126e-01
8.906494660862882551e-01
6.694514187526945381e-01
2.099139586894834153e+00
-3.886412187069661073e-01
-5.484427617303189173e-01
3.279837006960133472e-01
-3.744888957815253328e-01
1.388866756453826401e+00
-7.628972874740833632e-01
9.015186519086622052e-01
2.826222576152846333e+00
-7.068623205850066427e-02
-1.925840246205297479e+00
-9.669060288889808064e-01
1.084170640316065803e+00
5.486929952885752915e-01
3.618420986604797829e-01
-1.389945260482214229e+00
1.140001974781533312e+00
-1.141396168527331056e-02
-5.946568056886387676e-01
-4.500426696282964212e-01
3.522477277789934913e-01
5.059967384484300723e-01
-1.378761070179707282e+00
-8.175834667481030049e-01
-7.110047003269905908e-01
-2.503164783866362875e-02
1.225000009652874811e+00
6.984623051478446865e-01
5.881769383232269277e-01
-4.563521144180626710e-01
-4.947687237896885026e-01
4.196996198213278628e-01
-1.018316556676494233e+00
3.899395790924358174e-01
-7.927806908980552514e-01
-5.084857271732954320e-01
-1.901974683837484692e+00
-4.167546986174142098e-01
1.770688533547981613e-02
-9.924513617477395133e-01
7.707399409640718346e-01
1.370044547099125154e-01
5.780715468589876505e-01
8.881913823667870744e-01
-4.705652846563097569e-01
-4.971014662548187690e-01
-1.258439858776739806e+00
2.137515731909889194e-01
6.062485221884110764e-01
6.444438201771651720e-01
-2.072103635572501990e+00
6.007786221938098414e-01
2.011762667467491550e-01
1.263840844719599232e-01
6.692639017686767833e-01
1.695319711834806231e-01
4.474549128452356417e-01
-1.489208751540573417e+00
2.357769375024392655e+00
-3.740676435655450049e-01
4.850438977473183755e-01
1.403011719472096797e+00
4.572876198110442658e-01
3.443686510306709359e-02
4.255438861475484558e-01
1.016280165495831556e+00
-2.035733524356774460e+00
3.921545373283501501e-01
2.809463906863767235e-01
-6.485979921474416265e-01
1.941382912342779488e-01
-4.774089986710650102e-01
4.138637153016124781e-01
2.192880997836107682e+00
1.032140294945031567e+00
2.113010461501079185e-01
-4.303041343254572215e-01
5.274949168147924361e-01
-7.877262028032450125e-02
6.513973541730200267e-02
8.590041873394524963e-01
-1.266852078591957920e-01
-7.090266455351761365e-01
1.386553599663142400e+00
8.551271802311961601e-01
-6.074226262536450704e-01
-7.697453066358368456e-01
1.583823690971968290e-01
-1.280323129389244752e-01
1.680897460565827783e+00
1.621446021978632634e+00
4.307297271169738817e-01
3.675284115325667678e-01
-1.998807408081773040e-01
1.224776871801541933e+00
6.063013795288396679e-01
1.252954625756990348e+00
-1.772868746870290391e+00
2.194828087908480718e+00
-1.499093178190731290e-01
-9.067777873049460702e-01
-4.870913648630168513e-01
1.018548303083795847e+00
6.952133534586568686e-03
-2.134835699968963052e+00
3.262927025191824093e-01
5.368394025011500315e-01
-3.336272697288689137e-01
1.269136681711688253e+00
-1.496482995977806096e+00
-2.930499225951928022e-01
-1.111550652846675868e+00
7.331790462299054845e-01
7.705687598926553861e-01
-8.552537380385940580e-01
1.684356516948545490e+00
1.537584350127156885e-01
4.762944442764416308e-02
1.361581953199859640e-01
-1.315810236230914532e+00
-4.655980793801814954e-01
6.240664128520749809e-01
1.424605685648807407e+00
1.756623883828577259e+00
-1.875171418103812160e+00
-1.901186744537452844e+00
-6.043289056681424576e-01
-4.052504078157781464e-02
1.337914535192310961e+00
-1.313408516681176863e+00
-5.083748741545623950e-02
8.379712809224981740e-02
-1.113405096950480289e+00
1.772396720252784830e+00
1.650567651759713650e+00
-1.660867594504343403e+00
-2.814715008322499212e-01
-1.206517266959376000e+00
1.997127011824621601e+00
5.073084978750370677e-01
-5.618239942708469492e-01
1.691563469272320042e+00
4.352686571443737940e-01
-2.182608185743113438e-01
4.181807603035658794e-02
-1.156669082426349249e+00
1.687721679317466528e+00
3.981389788220621728e-01
1.425095358169004012e+00
-1.657088210382487103e+00
-8.678153633129048750e-02
-2.281558774478359197e+00
-6.726943891143504217e-01
3.458188116991156580e-01
1.864542089799903213e-01
-1.666273243243631130e+00
1.380115179760114108e+00
-1.543266018438209430e+00
-1.782263856460097218e+00
-2.201486493739759798e+00
-1.174645008567314353e-01
-4.506500861385656087e-01
-7.154421918166335992e-01
3.510635459908106881e-01
-5.499224966446372154e-01
-7.094188631850497639e-01
9.439097679318806389e-01
5.193860693813221463e-01
6.882561340935129390e-01
-7.905784043962909013e-01
-4.393416094653241899e-01
-1.810428654781390811e-01
7.048595602237219815e-01
1.616796169157297403e-01
-2.567991825334472455e-01
2.326330724813922668e+00
1.831554087474156267e+00
-6.512561599838821991e-01
-1.121460347685860226e+00
2.302176369914699094e-03
2.015845006746496360e+00
1.702396900128762658e+00
-9.620125118338509473e-01
-2.472963593333642685e+00
6.737437794268807956e-01
9.289053853570006236e-01
2.093868476408264900e-01
5.341885479109653723e-02
4.281385159724169220e-01
6.657831930027666711e-01
3.313590787622071598e-01
-1.010287338155505088e+00
-5.830927294326415655e-02
-1.569128965194330760e-01
4.093987194960733156e-01
-1.765072233460281970e+00
3.077057038668349342e-01
6.639528076645633270e-01
1.155599237355487752e+00
1.651750162111282005e+00
2.137220557145382394e+00
1.761818624623210150e+00
3.998224846017977008e-01
5.205261888348533539e-02
1.219504853343906348e+00
9.835654439666454696e-01
-6.983859582205358407e-01
3.067537853526991487e-01
-1.147673172176177703e+00
2.398229268725704078e+00
-9.327188440106597422e-01
9.282887258966454613e-01
2.771715320254476200e+00
1.123090982435601681e+00
1.090176205316373048e+00
-3.255532419714870507e-01
7.668984605148254641e-01
5.066509761629869324e-01
-1.177217096247044292e+00
-3.432593706219921881e-01
-2.542245263034368374e-01
-9.888380049365621538e-01
9.460170505942182562e-01
-1.045574209113675490e+00
1.530504735350080692e+00
-6.375195645415145940e-01
-8.492819997998513060e-02
-8.914357527039591389e-01
1.860454587287456496e+00
-3.472485608845412575e-01
-1.871630523668270651e-01
-2.311716515036794650e-01
1.426508871191374261e-01
3.407535400804695414e-02
-5.366935163448454116e-01
-1.166592034722982119e+00
8.877191159734643122e-01
2.117425630980584561e+00
-1.708739401157498339e+00
-2.506223569955006170e-01
1.160321541003082046e-01
-1.073876234168311683e-01
1.409969916449967497e+00
-1.838868726397016706e+00
-6.406201654285603730e-02
-1.409774692658673390e+00
-1.171030833007264960e-01
-2.561461714382863519e+00
2.692675137091062876e-01
2.097587195433179286e-01
1.265557966653495736e+00
-3.732052023504253135e-01
-1.128896902194048479e+00
1.263582817691588644e-01
-7.776378963220713647e-01
9.261097899327523919e-01
-2.174916277827499300e+00
-3.115732727729074725e-01
-8.685142843713580252e-01
5.008320426213597187e-01
-4.422500059808760486e-01
-6.513698343771212595e-01
1.175634052652226424e+00
-7.239693560553444041e-01
-2.540976916617909254e+00
1.133767151891380554e-01
8.700418080682381650e-02
1.291815496888015780e-01
-4.073512415901481276e-01
-6.417776259746887924e-01
-2.871769449760317450e-01
4.752997029895533743e-02
8.924437568029532919e-01
5.778368100569515331e-01
2.067885825136481781e-01
-5.337819981147393644e-01
-1.589404542356508410e+00
-4.702793126526549905e-02
1.153236461273885682e+00
-1.546235049254329752e-03
-2.925800999524957646e+00
-1.810016308984816469e-01
1.163297809191351284e+00
4.998900339309675367e-01
1.575457645284121133e+00
-4.710158286743459932e-01
-1.238988978090984627e-01
-6.953252777679668206e-01
8.070925596965583537e-02
-3.772460603872860307e-01
1.257152903098101682e+00
-3.798762657572423151e-01
8.572683945345753731e-01
3.029868494263419088e-01
-8.654290743272730069e-02
-7.288645813270777651e-02
9.627939674933783110e-01
-6.208421654431539594e-01
-4.048948366467504112e-01
1.828849507514638928e+00
5.286601934107821865e-01
3.469348348438638929e-01
-2.319643560393860326e-01
-4.815385292644831505e-01
-2.455638763538986691e+00
-3.060583704411354855e-01
6.542699123933617411e-01
1.860547500238181051e-01
4.443392740653941964e-01
2.022997195031594586e+00
-3.811666325963818380e-01
3.007351503656603420e-01
3.189170143103448041e-01
7.214519086784827451e-01
8.563396552464681566e-01
3.042956482429564069e-01
-6.299205434250729763e-01
-5.653214844642213688e-01
-1.401592996751072073e+00
1.414758907033579094e+00
-2.134074680337205709e-01
-3.532585554419662710e-01
-1.219902792707130423e-01
2.286534927094601155e-01
6.536636107814075558e-02
1.107289157926869327e+00
3.267405603721615925e-01
-3.596933766845575864e-01
-4.132460236918433782e-01
8.159035658713023054e-01
1.556659205365041654e+00
1.020879229113152320e+00
1.697683012961381133e+00
-7.561993514125915361e-01
-4.342207171813199373e-01
9.042505010360386564e-01
1.243388684369356456e+00
-7.836687742858519101e-01
-1.221178856094324416e+00
1.077326410949597246e-03
-8.493695153360265593e-01
-2.704274187234905202e-01
-1.350207357775861094e+00
-1.563622648691713746e-01
7.688805986185398567e-01
8.480872361161679862e-01
-7.043119494420069238e-01
-1.840354107436323883e-01
1.247031000266042078e+00
-1.093446409624484250e+00
5.587213320697970165e-01
7.019617315344794939e-01
1.203812527161659984e+00
-1.463618446852255062e-01
-6.694465606564745652e-01
1.356213028086602712e+00
2.733557301709566012e-02
9.284475661156945669e-01
2.164589815663831018e-02
5.911454986526363253e-01
2.835492722036518920e-01
1.578640696844327174e+00
-1.118817697675855483e+00
7.140245265159834709e-01
1.753260999314518953e+00
-1.113830007818597867e+00
1.683721412815778251e+00
1.002541640160728997e+00
6.280193906472300025e-01
8.736364512005236893e-01
5.324542430619101374e-01
4.908773918125630686e-01
-2.870957436577736832e+00
-9.899534317548508433e-02
7.477294236289915297e-01
9.156720533218434266e-01
9.642392651147100313e-01
4.890855973612624474e-01
-1.062981202639297518e+00
-1.186692596639681740e+00
4.502524808953298763e-01
1.000073392575659970e-01
1.524267224120672060e+00
6.692716523315016541e-01
-5.659621288434442121e-01
8.686044329042366119e-01
1.169097124148724021e+00
1.420228810592842894e-01
-8.542711926195667438e-02
-3.869472432197802458e-01
-1.090328242693907379e+00
6.596368449227194564e-01
2.010532683720718250e-01
-4.667255692185090510e-02
3.668433748489674517e-01
6.666497813286151874e-01
-5.768099319647683743e-01
3.222407492123069428e-01
7.713831603763687816e-02
1.309752352780171991e+00
-8.741108776760042609e-01
1.428463513522985506e+00
2.754492552799903127e-01
4.214124617140508899e-01
9.986565173640293835e-02
-1.082602555064782424e+00
-1.998635402846334230e+00
1.380296338762980302e+00
3.883463840353911234e-01
-1.386033913871210554e+00
-7.661018287368022150e-01
-2.816487880853686399e-01
-1.514336185381139899e+00
7.029296329120153786e-01
-2.326565596883825027e-01
8.600532430747123147e-01
-1.325733950547445916e+00
8.430164609546504373e-01
-2.074180953469939581e-01
1.245317426449461529e-01
-6.872426203473209760e-01
-4.985525606505736285e-01
2.437355470903030952e-01
1.033788960918373911e+00
-1.770313240978984792e+00
-1.055998224364677496e+00
-6.656458931427287062e-01
1.332771101576048611e+00
8.134539688563569015e-01
1.832818139400140600e+00
1.340385675214976757e-01
-3.054475333402995041e-01
1.473213321606228421e+00
3.641761775173826265e-01
-1.081909786793131323e+00
-7.354886901399024790e-01
1.020728392130095141e+00
1.363756204370936365e+00
-2.734926522800333881e-01
-1.035097541381176711e+00
-1.441456346554232937e-01
1.178579909413409732e+00
1.580474931468873523e+00
-2.673158591389852567e-01
1.320193097609345445e+00
4.692194907035913687e-01
1.257368387893347039e+00
9.011550009829940588e-01
-3.468134615197260295e-01
1.085668162870105924e-01
-3.497182402340552887e-01
-3.620483723638598939e-01
-9.910037230263846197e-02
1.326147153976523940e+00
-1.512115942780499100e+00
8.038264022030012779e-01
3.878611037187134070e-01
-1.013965318837259932e+00
-5.037823080920085239e-01
-2.538402282309883962e-01
7.570009594488569249e-02
6.663628109477182093e-02
1.701450879112856640e+00
-7.474231163759936791e-02
-4.981450848993196345e-01
4.372753122336292542e-01
4.325797576122376586e-01
1.299200803763158163e+00
-9.766969730949537354e-01
-1.302570917974112286e+00
-8.543161420425564589e-01
-9.981707837881101941e-01
-3.547059618634151867e-02
7.129035795439946366e-01
-8.291804168017036236e-01
1.230872018293235337e+00
1.233437375584985007e+00
-7.963287302131987211e-01
4.362527501217712267e-01
-8.140982917366554883e-01
7.804810997807376527e-01
-4.255035067951440375e-02
1.323904826166579118e+00
1.076585282284336476e+00
2.345590933357891039e+00
-2.842708150079928942e-01
1.857963364957065266e+00
8.152114159512344749e-01
-1.177973917876943499e+00
-9.874659378558332534e-01
9.756124276192301714e-02
-5.327322936588649860e-01
4.541776861710393742e-01
1.826057604048976213e-01
-1.664394701829424283e+00
-1.663463302025836477e+00
1.690282598182200280e+00
-1.976103353941261576e+00
8.830260431903249607e-01
-4.115241899493082833e-01
-1.081201536645315819e+00
1.573425289842805830e+00
-1.766808521275016197e-01
-2.982824846878584513e-01
7.955842068001484080e-02
1.103006315099106738e+00
6.348358579261557111e-01
9.258551952381066652e-01
3.853177784800629890e-01
9.381663854581971940e-01
1.432905405567869384e+00
2.700131592652297297e-01
-1.353522873736838772e-01
8.973941008595296420e-01
1.718018159102510323e+00
-2.052889246005135782e+00
-8.862053158983391743e-01
6.401702809694289620e-01
-1.855913256607251371e+00
-6.584700651706214547e-01
9.013834957308826112e-01
4.716496683607802609e-01
-5.330000438709487920e-01
5.851620125369683123e-02
-2.371679390068782034e+00
4.681435347276492465e-01
-3.007653407466002182e-01
-5.307366564866622394e-01
-2.868110962926184726e-02
1.547587194296161428e+00
4.940430736023571079e-01
8.641263959710823173e-01
1.976664855858192738e+00
-1.120487018988511441e+00
-5.722424644723593801e-01
7.158906761229779647e-01
-1.256256804638072211e+00
1.362803496776983758e+00
-4.464417973458185696e-01
-7.834530970222766122e-01
-8.074275688372334336e-02
1.939486629950375463e-01
-6.862745860861636515e-01
-7.196468589111419956e-01
-5.934059680690202399e-01
1.038880053993156638e+00
4.639082366838465088e-01
-1.283160280152495503e-02
-2.416560447370619258e-02
-2.323877071247393289e-01
4.569238866980365188e-01
4.712791277458376893e-01
-1.926825742564954647e+00
4.290774200680165240e-01
1.948302990571846749e+00
-1.429818186653706080e+00
2.728052762781429941e-01
-2.371265171399989935e-01
1.099353788853130398e+00
-5.372061819961917450e-01
-1.489060108349935296e+00
5.128490855861924658e-01
-6.992295365336231860e-01
-8.868384004434919365e-01
-6.809664572072409161e-01
8.798465826286954172e-01
7.156467611340120438e-01
-2.692020620013566568e-01
-4.520175906946777289e-02
4.884540838875206514e-01
1.505688645755102417e+00
8.358826548811193469e-01
-5.835752473258839501e-01
1.366926820914044383e+00
-2.439015104519739463e-01
1.204324661693196852e-01
6.554013121362107785e-01
1.836836612789170653e+00
1.048028937610128608e+00
1.513148545427905445e+00
-1.508570481007567299e+00
1.512865333099700837e+00
-8.001632761222823298e-01
2.355723971886940493e-01
8.381334805597908666e-01
6.704787533436178393e-01
-1.593563021652021350e+00
-8.298157994903299084e-03
4.429327722090969921e-02
-2.371234987740464817e-01
7.510070602494103298e-01
-9.049076563434215181e-01
-6.979545236755235749e-01
-3.562611957658567974e-02
-2.152341707116112168e-02
-1.369809736535540834e+00
3.642391318209035056e-01
-8.128575950241789805e-01
-6.874524418358660682e-01
1.099254344343741252e+00
-3.432608060959438934e-01
-5.106236757149762440e-01
-9.023837434304753380e-01
1.312417106131582578e-01
-1.050804820675686813e+00
9.990114173776105666e-01
-4.993380762193577738e-02
8.084644179039259804e-01
4.406496321539554728e-01
6.687094672921825023e-01
-8.345039327232630644e-01
7.730184231503114400e-01
1.089470189877464135e+00
4.412532102181676574e-01
-2.214311609256402136e+00
1.006604660051469757e+00
3.594894262280396990e-01
6.949986216699013397e-01
-1.095163532617989821e+00
2.570718486998009755e+00
6.304340167906441472e-02
1.377272792111765787e+00
-5.107918766611514449e-01
-8.402951064754697885e-01
5.683215413879887379e-01
1.285689682969819447e-01
1.469178504990586998e-01
2.478768956295325232e-01
1.419628905852083456e+00
1.026617882539706539e-01
1.255043546295577128e+00
-5.273131738947076652e-01
7.807605727800570605e-01
3.503621018225171468e-01
-9.566374679811449067e-01
-6.822610183853832222e-01
3.822001395949787828e-01
-9.696395256090495351e-01
-2.025649775676074960e+00
1.784760187214145866e+00
2.048089288686738563e-01
1.725279812090207976e-01
9.069976207834029580e-02
6.535491462541935803e-01
-5.357944374931185028e-01
-1.601684676941495411e+00
-5.494470092939662820e-02
1.507950002044111670e-01
-9.897721081208745719e-01
-1.742859402126617496e-01
3.360295896498832757e-01
1.027346743300325826e-01
1.868064391728801121e+00
-8.241478505298596158e-01
-5.458990507345102827e-01
5.389454959324080363e-02
-5.921244170649166971e-01
1.691626492555496908e+00
-3.179780681676480647e-01
-1.220364190431195262e+00
4.670360363794823222e-02
-4.931788494956990121e-01
1.859193631234942412e+00
5.377309891713890622e-01
-1.754845289401193220e+00
6.814953338950358042e-01
-2.488172697783819221e-01
1.898855599920843407e-01
-2.195875382168737122e-01
1.257052758134814319e+00
8.924366770711711361e-01
5.471997467295823814e-01
1.610212959733170468e-01
-7.560442329331935607e-01
-1.159027479896106883e+00
2.594500613397292099e+00
-1.276509549159523083e+00
-1.447041707258737153e+00
-6.477239841128843434e-01
-3.855701449563708749e-02
1.071426477841944225e+00
7.403253899815069872e-01
1.748504643418017368e+00
-1.239972354051905867e-01
1.585084949723567505e-01
-9.742955915647264487e-01
-1.310745720421734761e+00
-1.995119164089599995e+00
-8.324531295276429432e-01
-2.514483118654058380e-01
-1.393444469170714850e-01
-1.155765284103174029e+00
-2.531008633959042076e-01
-1.117734232000791472e+00
1.636633554944859625e-01
-2.784680892309534528e-01
8.889992963355120015e-01
-1.056378290424039967e+00
-4.168534133842256573e-01
1.090522253914823381e+00
-1.339083929606271983e+00
1.770388785273454779e+00
7.209715463664791990e-01
1.820072242431629572e+00
2.922536625029636959e-01
-1.479767064141106703e+00
-2.881724765272266620e-01
1.801433482528084218e+00
-2.307569963188812689e+00
9.657816561984091663e-01
5.294207599453457647e-01
-4.217261715317406345e-01
-9.312023416710084600e-01
-1.291636859502618417e+00
1.264020435830714995e-02
-1.410071182920269450e-02
-1.272538933052692167e+00
-9.337399259732532819e-01
-7.404279891821217152e-01
1.851456464134389357e+00
-6.570480018903335218e-01
-4.015686513672946933e-01
2.768215151798216311e+00
-1.697148475304403492e+00
-2.368004614121227647e+00
1.584693113654929153e+00
-4.764364057465741986e-01
1.236955835919263169e+00
6.021273964273756718e-01
6.026939816777263648e-01
1.418090001373193854e+00
1.017940904546477121e-01
-1.348148138535437246e+00
2.565311055780983285e-01
-9.956862240740682601e-01
-8.374468087383357684e-02
1.663987533795427964e-01
1.018348487522271695e+00
6.536013327888599012e-01
-2.080500048039617411e+00
9.062738986225893356e-02
-9.641248569048987971e-01
3.964320111289092452e-01
-7.974531014714434374e-01
-1.386639520231365275e-01
9.371716593901990855e-02
1.808662652186590059e-01
-2.142683111066477686e+00
1.543749777782347232e+00
8.540482655334218354e-01
1.661512170463547156e+00
6.540172255854732608e-01
1.943723725834154425e-01
1.533991736102630510e+00
2.954670964283534484e-01
6.338158186110278702e-01
-1.307442093364008961e+00
1.423366522544174284e+00
8.680227006523821842e-02
-1.292734426719743146e+00
3.940467680372328196e-01
-9.346422336848903001e-02
7.899798597462015515e-02
-7.965660277375943288e-01
-1.665230548491492879e+00
-2.477776502009338522e+00
-4.406467156675897279e-02
-1.984641735403361196e+00
-2.558452392252756891e-01
-1.100827210396871703e+00
1.270820822616384405e+00
1.096365800110937094e+00
-1.931026836206684028e-01
9.194537222245415808e-01
-8.675269071550677502e-01
-6.906645259988459795e-01
1.295349615220123596e+00
3.225249611281342244e-01
-2.028117908571682726e-01
5.182488534190010654e-03
-1.904931768466466835e-01
-7.810691415916506397e-01
-6.313788396315003215e-01
-3.619616487546060135e-01
-1.635174159093214064e+00
-4.682801341369138282e-01
-5.790172972573646160e-01
4.965419736059215605e-01
7.117583393060935570e-01
5.488715199114213572e-01
-1.003469901122233887e+00
-1.505540402823458246e+00
-3.190023659869978268e-02
-6.268830189281882070e-02
2.171859498056414317e-01
1.115409799325189022e+00
-8.848956897585893433e-01
7.136543161272812519e-01
-2.124792922713319765e+00
-1.032102712667418931e+00
-4.517446679219494499e-03
9.346786055641100877e-01
-1.007564004812850023e+00
-7.514049874954058517e-01
-2.446000746344054289e+00
6.584181850582346840e-01
-3.692693466609688890e-01
-1.645379592222979692e-01
-1.485785536244841332e-01
-1.745028996434867530e-01
1.166266498020957831e+00
-4.564770670508400130e-02
1.762554118238139900e+00
-3.700688955279338721e-01
-1.089059315544714579e+00
-5.159452883394544109e-02
-6.367661411988450038e-01
1.308507024191728041e+00
1.086013348096469766e+00
2.179226799476252641e-01
9.283769290325232237e-01
-4.611552247107981728e-01
-3.188266211731467514e-01
-7.419958927192493725e-02
2.812010472482936230e+00
-6.683195531737198269e-01
2.203179136097348056e+00
-1.566862932633730221e+00
7.396072555931580972e-01
8.682958830527951477e-01
8.811888790961797113e-02
-1.290804472376596124e+00
-4.991231296475762136e-02
-1.999646326184612022e-02
-1.033703405170196543e-01
-1.358730212533023618e-01
-3.920347438874718371e-01
2.143247607922789122e+00
-4.055962188694772763e-01
-1.044396164390748005e+00
-3.647536730597684684e-01
-1.750575736415330264e+00
-8.334554588094349459e-01
3.839954004118539821e-01
7.208687721711797280e-01
-1.535115754674308608e+00
1.307921960613063206e-01
-6.235946690033298268e-01
9.617961162876302872e-01
-1.118164041097413852e+00
1.790810267542257028e+00
-8.525801023857011440e-01
-3.478544718697145210e-01
4.863658021821162247e-01
-1.557890141458952105e+00
3.773792878331800882e-01
-4.428892225022276197e-01
-5.782586625472121433e-01
-8.021850339548051156e-01
7.047330521021148986e-01
-1.266917824619440136e-01
9.504076218590564729e-01
-1.353147771903059571e+00
3.316371147023788879e-02
4.730957549851102506e-01
8.529594291540318896e-01
-1.214458203328850683e+00
9.508223011152117099e-01
-4.839965363027369794e-01
-1.690873100081458968e+00
-7.253775991805959666e-01
2.007533116552788766e-01
-1.511527034802271574e+00
-7.839726807296383271e-01
9.493605869876355907e-01
1.382637861834812965e+00
1.104778750462729109e+00
-5.162481891479751006e-01
1.642973666049496684e+00
1.765490806875104068e+00
4.835512306929239390e-01
-4.920683578398237223e-01
-7.820134429762599648e-01
-1.165064591529922922e+00
-1.055447022037336202e+00
6.166425279781104773e-01
1.101931889670454856e+00
9.138554314259406119e-02
-1.468756819575507411e-01
-1.271074814102520989e+00
1.424337670832934721e+00
1.018086316132627234e+00
1.204726267007133256e+00
-1.704150988280791035e+00
-5.628390828765503784e-01
-5.708676562296450818e-01
-6.223015813593555379e-01
8.013899621775437687e-01
-5.028471326167860411e-02
-1.068438676270702326e+00
1.081289439695537924e+00
-7.368192946119263009e-01
2.318454746826033031e-01
1.030985293127526514e-01
1.560830945224589428e-01
-2.085737938163712002e-02
3.377140087920844636e-01
-4.598215408165171603e-01
-2.361684834971451430e-01
2.213624970927865476e-01
-7.291004717860185558e-01
6.337475397289868972e-01
-1.339350695609276887e+00
-2.590581532657676433e-02
-7.395686754226264981e-01
5.564015481329458446e-01
1.349390998073888737e+00
-4.523859148287960874e-01
9.226288658387495900e-01
-1.641855977474493411e-01
-3.780928073972116277e-01
8.190818477599766112e-01
-6.306228660677910547e-01
-9.642006750049783026e-01
-1.321675430073265822e-02
-2.562767194696221384e+00
-1.005123993615006039e+00
