-5.499284097786933945e-01
-9.766857836595395082e-01
1.795827756687641830e-01
1.633331969895881919e+00
-9.502857257007277791e-01
5.078412182375413586e-01
3.922402571422987094e-01
-7.826480425206430724e-02
-4.057766209398788043e-02
-4.639049955670162539e-01
6.431497573825161185e-01
2.448966412158473993e+00
1.647033493510673408e-01
1.050356037797393061e+00
1.372406285017375271e+00
-5.207342732176737377e-01
-1.265560208267983988e+00
1.829912786665185642e+00
-1.150192591360633954e-01
6.927533232885411119e-01
-7.358827954190083620e-01
2.108212930185542622e-01
2.148047856395167432e-01
7.762544816533932801e-01
-5.283643799681521092e-01
-9.561136139492769637e-01
-7.691100893765552282e-01
-6.856704111428239823e-02
-3.192595282273746893e-01
-2.234690222877124821e-01
1.746002078976933714e-01
-1.025579561747335999e+00
7.711880634252443745e-01
-1.205360332451183902e+00
-3.401810511961805283e-01
-4.542120994439028947e-01
-1.493101672036899474e+00
2.858397951234585288e-01
2.823460934327291505e-01
5.237894990890209490e-01
-5.716443574285025031e-01
-6.998642246441573178e-01
-2.133197974060897284e+00
-3.257462943499375152e-01
1.759988854030493377e-01
4.233215654193044908e-01
1.229216197587449821e+00
1.691648406527223258e+00
1.113836719214624571e+00
2.486032730968499305e-01
-3.493836850720714038e-01
-1.620242652159832042e-01
1.699613977457948844e-01
-1.092491279823370187e-01
-5.168089458180369355e-01
-8.215298751233528485e-01
-5.863972744147107896e-01
-7.243587708848051587e-01
-1.369879295087202298e+00
-7.853997079254489977e-01
4.993031212156647802e-01
-7.569511722995730940e-01
5.714517325061653219e-01
4.719696189205044856e-01
5.159439072778423258e-02
-2.201024268606166789e-01
1.397372386990258564e+00
-1.987135143767061241e+00
-4.589506999016084166e-01
-4.992597675352098974e-01
2.795816961237734821e-01
-5.883103072478206297e-01
-3.513932300376198525e-01
1.147943880074475453e+00
4.637626551912011480e-02
-8.460817733143987107e-01
2.475277065182874270e-01
-6.171050539444542515e-01
1.669337882840806753e+00
-5.260885437177461599e-01
1.345181685170070418e+00
9.871340409863947896e-01
-1.748133600979585589e+00
2.766390147112396392e-01
6.546207578786671366e-01
-2.437816449620253678e-01
1.467372247126781604e+00
-4.387383986796032920e-01
1.632297632020254463e+00
3.482126690317261571e-03
7.153278468310044769e-01
3.715966744507137598e-01
-3.391497224241166730e-01
-1.069595076491195895e+00
3.990447320348127769e-01
4.567327960699359979e-01
-1.589638430167983063e-01
-1.073189964293841392e+00
3.852700963494923997e-02
7.686715193393547363e-01
1.125822321540911997e+00
1.444457822559993276e-01
5.122223829855077071e-01
4.553167913020937652e-02
1.076820935511580757e+00
1.282839679936215171e+00
1.558184151686189844e+00
8.244539889790016840e-01
-4.090462898063574326e-01
2.476679889813394042e-01
-4.791731949917525379e-01
4.495648504566777115e-01
1.378207843130880295e-01
6.196644703504069485e-01
-2.510272399512316621e-01
-1.146874260391088196e+00
3.720923211208782555e-01
-1.096313751317030460e+00
2.218950686815319262e+00
-1.202081437545914344e+00
4.663949868844721736e-01
8.596785497664658493e-01
7.478554912514138175e-01
1.175296237463892668e+00
-6.152839198771737905e-01
1.411934699880565747e+00
6.952819949413421297e-01
1.026921625130282845e+00
1.403024873211014434e+00
1.982704665115947895e+00
-5.229964454870448254e-01
-1.736561472801819495e+00
3.553948922981286507e-01
-1.253229244318418090e+00
-4.138548959598377652e-01
-4.400200152902801198e-01
-4.150483968021736469e-01
8.352579258320331768e-01
1.494388049558841025e-01
3.952046763974987331e-01
2.114045313942953364e+00
1.052199321839239810e+00
-4.189969943709686423e-02
5.828165857520083426e-01
2.807431047535751567e+00
1.470898091614908365e+00
4.530337372014227038e-01
6.426895853830565386e-01
3.533802668443079553e-01
-1.791052872025150622e-01
5.070212368692563754e-01
3.036307732451553054e-01
-4.508520475368457125e-01
-1.637020643899994229e-02
1.467354261152858275e+00
1.007799219210792518e+00
9.503791216146363352e-01
1.014771694190007567e+00
1.047277757112726304e+00
-9.508787677422245732e-01
1.097010061023028671e+00
3.712002750505421500e-01
1.818671537718508313e+00
-1.096583321863585869e+00
2.073809087663208039e+00
-4.932498879484688570e-01
-4.516807016670062458e-01
1.347384530240743894e-01
1.975702473822154581e-01
1.106980844771575212e+00
2.469884553809345462e+00
4.022254398540181519e-01
1.600789273202964047e+00
2.879306103189737343e+00
1.430222915849243437e+00
-1.561645979656522298e+00
-3.277395676809127245e-01
-1.056600177266089347e+00
2.012002647907080721e-01
-2.157657755864985094e-01
2.162644989506914694e-01
-1.427146469784835281e+00
-9.765470683335271129e-01
-1.014197540487346227e+00
-1.829268017153679038e+00
1.018569411665604552e+00
7.839082200348305163e-01
1.593144093985216780e-01
-9.012906624769185804e-01
4.267144086912886269e-01
-7.629809450210401911e-01
-3.965658021438452363e-01
3.430767603091520734e-01
2.756579215844031649e-01
3.658000872987509089e-01
2.795379762036089288e-01
4.733816862723749241e-01
-3.564266386197205705e-01
-5.324945410451473737e-01
1.117475646364510800e+00
9.113194923925773683e-01
1.044774497536121061e+00
1.455755714231637521e+00
-3.302719767754807578e-01
-5.408066257272732200e-03
5.957528658406814337e-01
-1.039395011950190240e+00
-7.891181843066406021e-01
-1.958763635161939465e-01
-7.121861014526474909e-01
-6.301439290138095561e-01
2.715309087126712706e-01
-3.117368587269901958e-01
4.671464559145644957e-01
-3.283917367808094068e-01
4.985057127091139240e-01
1.273683790864565402e-01
2.243534379771823684e+00
1.243614162480712881e+00
-4.533378908109067518e-01
2.908797247781214623e-01
-1.628319539942604699e+00
-4.161005702919216148e-02
-5.506808933109990090e-01
-9.539572548151694642e-01
-2.446578808554504547e-01
1.215860912950808299e-03
5.192053561751865803e-02
-6.758476854387355237e-01
7.769129518446746818e-01
1.024139245332587045e+00
-1.992504610981891411e-01
1.900476974538299668e+00
-1.284384138297928635e+00
7.857216022957522750e-01
-1.513017623266616596e+00
2.217639243828827822e-01
-1.259745298644422862e+00
-1.522005328242400424e+00
-7.764489875381165307e-01
1.656457339782407168e+00
-1.693914469462175276e+00
-1.042828351877746140e+00
6.348401618524044387e-01
-4.814274461721068654e-01
-1.777056014490771885e+00
1.546469686386997833e-01
-6.545300432614185038e-01
3.651290215375024295e-01
-1.215825874524538497e+00
7.220838491809866699e-01
2.698874692200074588e+00
-3.258524222769154655e-01
7.302512060860708587e-01
1.094099064181741410e+00
-9.650557470430080054e-01
7.493450429619256115e-01
2.123070393011459611e+00
1.833303933422569143e+00
1.010270027788602532e+00
6.980066199076723210e-01
2.209339054794547508e+00
-1.620547346705651925e-01
8.156732104171565689e-01
8.970039664793494349e-01
1.203386956045709555e+00
9.257277072935746753e-01
5.067886260583966962e-01
1.233506418053152753e+00
-2.166644750525575092e-01
7.730452102129364844e-01
1.474955459731917218e+00
-4.500657499805812423e-01
-1.437819553949016393e+00
3.869182182721677132e-01
3.431469982915871797e-01
-1.194717518710203680e-01
-1.140126493635809313e+00
-7.733092419035977327e-01
7.419387451026721036e-01
-5.989940919989948931e-01
1.220212553977174236e-01
4.896828242417656796e-01
7.737318736210936354e-01
6.628395864409735161e-01
-4.639528594934685946e-01
-1.444193268039400513e+00
-6.876135087900918652e-01
-5.062431118803549790e-01
-9.185810334187331783e-02
1.305985844108761063e+00
-2.136069291808710344e-02
-8.686822898339680021e-01
8.052591763548986314e-01
8.357679224704686050e-01
-1.164668782573413885e+00
-3.554987603623839809e-01
3.341345400380011932e-01
7.213861140320658727e-01
-1.432431423439650020e+00
-1.061484898391286125e+00
1.633858129810664472e+00
-4.349438351348438037e-01
-4.799961884342442420e-01
7.621258186447920080e-01
2.595538006596443736e+00
-6.292864022173056959e-01
-1.885860418176399378e+00
-1.961879186913646211e-01
-1.773289329744958565e+00
-1.244678167616949160e+00
-1.357649102478564358e-02
-1.061760952091403087e+00
1.023042155301939982e+00
1.305957862644208989e+00
-1.049647356744508597e+00
-8.608180490417285391e-01
-1.932791135458570508e+00
1.010072757250118247e+00
3.953887776331019288e-01
-1.564452493172368674e+00
-4.758515317508288378e-01
-2.941933600595774134e-01
-7.849626751325974316e-01
-3.520080479819335806e-01
-6.859756707819026911e-01
1.257105800736125489e-01
2.276916291755584909e-01
6.615167782054625079e-01
1.936996156383747003e+00
5.514851680122506705e-01
-2.152963448855316209e-01
5.070872481398234211e-01
1.780007183413638616e+00
-2.114053420392638938e-01
-4.346225796359649562e-01
2.044354012268951859e-01
7.055378827470161207e-01
-7.861175837915694853e-01
-8.135215338457507661e-02
1.674169446458264154e+00
-7.500152941472026935e-01
-3.283175242918864090e+00
-4.757961219565186584e-01
1.098742930523077255e-01
1.995864059926785838e+00
8.359223685861273401e-01
8.713442971265339398e-01
-2.102394368740373665e+00
1.777625681800714341e+00
5.457716359559777741e-01
-1.434994192328066021e+00
-4.524537090875885847e-01
-1.548313081523895907e+00
-2.685683828401208909e-02
1.210019087020822726e+00
-1.723184923353848985e+00
5.841504452071648590e-01
-1.072897985969841539e+00
3.957842252326952970e-01
-6.330878880193179237e-01
-7.150822888429891888e-01
-1.360834779941710315e-01
-2.550704207091401485e-02
5.076951688368146198e-02
-9.216910284042900692e-02
1.625332200637281899e+00
-1.987767843457385109e+00
-5.751326792540505384e-01
4.999788944811248692e-01
-4.569897092307872444e-01
3.520404006178937117e-01
-1.902019009359612045e-01
2.187182981930359649e+00
1.809996927089603025e+00
-1.185172868658478595e+00
-1.157329163338132183e-01
7.657056206304602153e-01
1.125134803592521493e+00
-9.917315430456651038e-02
3.976495220852678258e-01
-1.601304941936622650e-01
6.944649112874471397e-01
-6.914822132619602435e-01
-2.471472192748368213e-01
3.244365679263321867e-01
-3.935409903003507792e-01
8.131699037457282842e-01
6.401954935734777141e-02
-2.509108486991205589e-01
9.553388470155826928e-01
6.113476816066896191e-01
-2.162979913137650090e-01
-3.833969134071592011e-01
-5.589257638106208681e-01
1.966000477856025164e+00
-5.676472159065589773e-01
-2.312145001164505054e-01
-2.341542912309004798e+00
-2.416478893815726003e+00
-1.472289704073313776e-01
-1.733072963991301729e-01
1.566523317332258136e+00
-9.046181671764031984e-01
-5.974407592572822390e-01
-1.184770028429204952e-01
-1.440827916172320311e+00
-7.679243476283759140e-01
1.555317330309121004e+00
1.099414144613857003e+00
-1.696588626764649610e-01
1.885273427998680473e-01
2.337582335686680945e-01
-3.649638689911735012e-01
2.112037512751497870e-01
3.069605549217953921e+00
-1.113174144518838116e+00
-3.044476755141359292e-01
-1.706732384179024287e+00
9.309231872082902592e-01
-1.865032382594536076e+00
-1.717529135281745944e-01
-9.172157782211861621e-01
7.685500823893054445e-01
-5.576585783851324418e-01
1.321151209602594578e-01
4.020839047165668534e-01
9.096535134807973710e-01
6.587346260107938001e-01
1.728713603866904425e+00
4.582756034540774737e-01
-1.791581098213574086e-01
-1.960889655193823966e+00
-2.039492969114130361e+00
5.316130675253343263e-01
-1.617072112990655341e+00
-8.289778508565802673e-01
1.768529864322745171e+00
-9.232627577209506775e-01
3.086382601572306705e-01
-1.000642968647023512e+00
1.124976469909403365e+00
1.163064922243931265e-01
5.844662589569439293e-01
-3.589404147678910140e-01
8.583170596087850157e-01
-1.250106985386526093e+00
1.189647725913272336e-01
1.189612097335931651e+00
4.234521342218496853e-01
-1.276561741407950201e+00
1.254080125986951177e+00
1.539127223904340758e+00
-1.091426948801065278e+00
-5.056985108865155176e-01
-5.054103432869396784e-01
5.671736898912361768e-01
2.422479690632119986e-01
-6.743865285474893723e-01
1.871717569523435598e+00
-6.208736386644455596e-01
-1.164848654768444736e-01
-7.388891936937984628e-01
2.938941181637304279e-02
1.248896943704840501e+00
-2.173968587072646064e-01
7.625694171076163874e-01
6.050504267059371166e-01
-5.535572090375057153e-01
3.333683695507478478e-02
-7.499682999409388318e-01
5.955390822524750938e-01
6.674603075360165116e-02
-4.177032149486554768e-01
7.938494051121365302e-01
-1.364732589803500318e+00
1.232038960292991092e+00
1.220910888928070925e-01
7.784827950151702348e-03
1.183221735872826974e+00
2.824162001407067635e+00
2.807006729414007057e-02
-9.482261507615584728e-01
-1.272891676446138209e+00
-6.185772956147421731e-01
4.840228202024087212e-01
-1.014687318944784034e+00
1.068617761642080000e+00
-3.772077976848963177e-01
1.879510591425923360e+00
-8.552435405747543795e-01
-9.073821521105694954e-01
4.166513452765343017e-01
-9.748898049030978452e-01
1.850375446485220898e+00
-3.283435651013239670e-02
-1.657294703919477863e+00
-2.122980165719965395e-01
8.325485863622020810e-01
5.971969957481185892e-02
-1.442346628590402302e+00
-1.054822233543327048e+00
5.598444845628663957e-01
-1.646399257179504416e-01
1.197012872144554319e+00
1.984839191348613863e+00
-1.521478373550094743e-01
-8.193914062697121858e-01
-8.253756156679351585e-01
4.320076889272095322e-01
-3.810060034277331087e-01
4.757348522329984397e-01
1.476594032074833862e+00
-1.069571128760355982e+00
-1.547296694229458813e+00
5.855555425587168940e-03
3.756390053110035265e-01
-9.317214146363099747e-01
-1.082727087239153452e+00
1.086932559080399097e+00
-5.387826719438272294e-01
4.537773739154119523e-01
-1.305805074051646475e+00
-1.690356279593686173e+00
3.113312471483514199e-01
-1.160757729007138250e+00
4.322981595165843460e-01
-3.776323764392728877e-01
-2.112204746181555459e-01
-1.046518408845372283e+00
-3.703296959111267994e-01
5.871173605261361672e-01
2.733115205518149016e-01
-1.658170421063962063e+00
1.788375110491488673e+00
6.617350175260223732e-01
-9.572893830480616595e-01
1.202342203958632755e-01
-1.345983220771286015e-01
-9.385149737683660121e-01
-1.477861917858829810e-01
-6.346196560828296640e-01
-2.873138899550599021e-02
-9.455772130064723502e-01
1.026123201827335629e+00
8.296912563594970313e-01
-2.333276663125178341e-01
1.831842785676482399e-02
1.884490980345399969e+00
1.183894672428189354e+00
5.751975792348459349e-01
-1.653000160058435863e+00
-1.351815957975923022e+00
-5.659066322599005661e-01
9.457165240855723853e-01
6.449980132418121626e-01
6.830282627679411522e-01
4.654139275814980770e-01
-7.431074891903093338e-01
-6.642978986403794694e-01
-2.602726385245307528e-01
-1.415385770312955316e+00
-6.519729475448129419e-01
8.108478111068908589e-01
1.547181776612444937e+00
-1.796500483151834693e-01
-2.819694993260553617e-01
7.197983184890607844e-02
-5.942026012951679981e-01
-4.557838930528928523e-01
9.454085350955303557e-01
-4.127032103635507876e-01
-1.821982548311357475e-01
-1.080333799871809219e+00
-1.166022523871912409e+00
-5.318079230363657040e-01
1.383494857115068755e-01
-2.815273815771856536e-01
1.964413656434386979e-01
-4.669303023747871095e-01
-3.655395303779623295e-01
6.117840656219760698e-01
-2.434657852560277558e+00
-3.298053298775375786e-01
3.815111503310807395e-01
-1.671409013325466875e+00
-9.010566530196193469e-01
1.268736329278062902e-01
5.229858771035926779e-01
1.298955405697066245e+00
8.882741378285891054e-02
6.947305350229563414e-01
8.622703907772936993e-02
5.697101035748260989e-01
1.863123024889740131e+00
7.356426234007849840e-02
-6.903550137951692811e-01
1.005429519983837672e+00
-9.735941262891047998e-01
1.523457891020239208e+00
-1.226214954110644406e+00
-1.055544775193014290e-01
-2.192167097087875494e+00
7.638825528488213390e-01
-2.867611749296248846e-01
-4.951788176672813901e-01
1.367737888952068159e+00
1.609382826568536595e+00
-4.950240589635123700e-01
-7.837818985449144238e-01
-3.133186706676114874e-01
6.445575413622856020e-01
-2.157698696779813297e+00
-9.903664454915396265e-01
-1.042734773169692541e+00
1.822688359531951519e-01
2.500110470132161034e+00
1.614117104907715428e+00
6.120156016066224947e-01
1.168229534606013198e+00
1.652232458111107638e+00
-1.109308754432108746e+00
8.114140225343688950e-01
-4.112738106456915316e-02
7.563752205940130757e-01
-5.258962683532102389e-01
-1.407629092184942365e+00
3.999434721096472439e-02
1.219651611554525839e-01
2.172601956302374904e-01
-9.817858691471864629e-01
1.693484359847689857e+00
2.537976514285276597e+00
-5.410510231190267527e-01
1.524672307318465592e+00
-1.236605795947251785e-01
1.955834288071366389e+00
-1.035080179854192872e+00
1.524059873190716230e-01
-1.825904886322075524e-02
9.704757181587708725e-01
3.563719303314799580e-01
7.093634384511766644e-01
-1.402321680262752057e+00
-5.223162031088656176e-01
6.080949677050988961e-02
-9.511812437147235122e-02
-4.562099190945032023e-01
-1.335873472239447468e-01
-1.133151912061647115e+00
-4.576421800751027669e-01
-2.231926915271565115e-01
8.930998460898433855e-01
2.777067689940333484e-01
8.920872831030961236e-02
-1.001198861599765344e+00
8.758939430784429270e-01
-1.748236558144610653e+00
-9.172515195451169667e-01
-4.889858195047734335e-01
-1.827036021746162975e+00
7.484055466176144922e-01
8.458905891770751584e-01
-1.652984928896269468e+00
-1.358825670933957230e+00
-6.444365737861700305e-01
-9.946657620526780930e-01
-5.942712508284783146e-01
5.706180403686790248e-01
-1.534663647669309849e-01
-1.592630348288003983e+00
-1.673651909675266114e-01
-7.991498783076590451e-01
-2.075749632162210770e-02
-5.614265648168705880e-01
6.150478871340177012e-01
-9.024870434537352049e-01
-1.624209774798588635e+00
4.887955875684510398e-01
1.482384441948875198e+00
-4.834391698530235981e-01
3.869027407476003932e-01
3.900181558312325603e-01
7.353911093634423191e-01
1.104268117514352721e+00
2.866031196049566021e-01
-2.781811435581409420e-01
2.795417150225954495e-01
1.307590721536407985e+00
1.134913899049486474e+00
8.474840338649934912e-01
7.805557496942132356e-02
1.410873733344017777e+00
-1.082973315729745201e+00
1.690820770302712495e+00
1.161290044659964549e+00
9.032642536534218891e-01
2.159589037723226579e-01
-4.915752410543992590e-01
-7.499870538850408885e-02
-1.018167230023514225e-01
1.014211560709601168e+00
-5.065896349767581297e-01
1.634678106555649199e-02
-5.540281277819271155e-01
9.094673931201382455e-01
-8.752462293063376642e-01
5.793301488651080300e-01
7.072089150986605732e-01
6.446039661795178732e-01
-1.397413595606197267e-01
5.919330644515771178e-01
-1.407900147933173640e+00
-2.029597751148669027e-01
2.764207916909530716e-01
-8.972043305331767193e-01
3.162338628987767519e-01
-5.582897593585011142e-01
5.738280806957095359e-02
-5.996339516513580215e-01
-1.279568803946552480e-01
1.034192108854112696e-01
8.124967122690973653e-01
-5.332119305506638485e-01
-1.595803224636871409e-01
-1.511029106309381920e+00
-9.288398669201660685e-01
1.369474328714760825e+00
4.042903104482578613e-01
-9.454799712041132009e-01
-1.415705476413790853e+00
1.313471280973010691e+00
-4.678969157151685043e-01
-7.338955516361009290e-02
-1.271037125468386098e-01
6.482215515647032911e-01
-8.785335813209634859e-01
1.312465588857227305e-01
3.334986567804953950e-01
7.687151602047931354e-01
-7.979507862754167125e-01
-1.029553084755219894e+00
-1.218460488078646348e-01
-4.155762064747320350e-01
-6.778842461119226614e-01
-1.254281808401043474e-01
-9.922056523989034593e-01
4.735705364378020032e-01
-2.411057777377041966e-01
-1.198743917351419608e+00
8.567220609036487744e-01
-5.491724147129914968e-01
-1.681558091942834787e+00
2.468439626346433657e-01
9.152439561537732970e-01
1.746811889935910300e-01
1.160236283880113684e+00
3.690116190635071569e-01
-8.045537673929458178e-01
-3.946628932128654621e-01
8.431442252933518677e-03
9.100758827495387671e-01
8.964721595511119245e-01
8.423791759914542668e-03
1.113981785499468247e+00
9.672729699717426133e-01
1.381878855955505525e+00
1.426018515857351066e+00
1.699446544110392032e-01
1.301663392345198345e+00
-8.617535074412602247e-01
3.817998113537845462e-01
2.627837600535683493e-01
-1.220155491221213362e+00
7.874046178978785782e-02
1.462813799099265788e+00
2.160261393256643458e+00
-7.091118279127359703e-01
5.659650617431374320e-01
1.070017935057511860e+00
-1.085284774565541399e+00
-5.215802656734128684e-01
-2.467895636482372090e+00
8.390027087127748251e-01
-1.144490732317370085e+00
-2.121840515100517965e+00
-1.874324557455882556e-01
2.241674178705550524e-01
-6.554518971300121732e-02
5.392127120380437733e-01
7.210644017281049312e-01
3.982691599786670200e-01
-3.574601003220012063e-01
-2.953147915976161442e-01
-6.676336113668946970e-01
7.032206360425914404e-01
-6.046947285057296950e-01
1.811694682354597907e-01
-1.072896101297316385e+00
1.499319403198879352e-01
-5.403622723993743993e-01
-4.865826075823918018e-01
7.273172103170153502e-01
-2.516029249811770896e-01
-6.953114934069373199e-01
-1.570688316603342072e+00
6.261310462563541845e-01
-1.545210277913550589e+00
-2.727123574234957104e+00
9.208112545973070606e-01
6.351409053724670351e-01
1.151276516539444517e-01
5.618448097463086821e-01
7.518364192619088060e-01
-5.248533078190166234e-01
-5.721340637447246413e-01
-1.781668745802488241e+00
-4.923573348543365258e-01
8.249693253911518642e-01
-5.085764026431369711e-01
1.595514507831770956e+00
6.556822471151995124e-01
-1.198746493670025171e+00
6.611662465513641618e-02
-1.237933237318483037e+00
6.349979290429277334e-01
1.057058736598245341e+00
1.543252648605653699e+00
-1.155860702958742658e+00
4.461672406755173848e-02
-1.777629753014523972e+00
-8.697701525966933245e-01
-7.516133841500797219e-01
3.459319772804338999e-01
3.278363792649718889e-01
6.054399505997309916e-01
-1.003600831772829105e+00
-1.157080232247111179e-01
1.418525291250132714e+00
-2.924840856673200373e-01
-2.180104984351231012e-01
2.910439908713598478e-01
5.465246645704353590e-01
-1.118518537130068546e+00
1.446255274947687353e+00
-1.014159573064412179e+00
-1.646834040253809750e+00
-4.238521962320031256e-02
-3.262569788660649173e-01
-1.201170269073909447e+00
1.015721683609785542e+00
2.756315686885575822e+00
5.047340166211444767e-01
3.040271494491294524e-01
-3.470099010533449491e-01
1.001738471606517855e+00
-2.758020460198077894e-01
-1.731210656297953010e+00
-1.714717140621826452e+00
1.230019189959928649e+00
4.735049576140159533e-01
-9.358217058489390894e-01
2.186378181178905422e-01
9.862128145374848831e-01
-1.450249627803601726e-01
-4.530426492489427748e-01
-1.550091666861834971e+00
-9.203019414247269880e-01
-7.212651509921196302e-01
4.057403453075057453e-01
-9.651144531126280013e-01
-6.319282203298060008e-01
-3.140318200330807219e-01
1.389131672861772193e+00
-5.133922755190990506e-01
-2.328445083400707549e-01
1.586527467299008176e+00
-8.581323822588962091e-01
-1.729473873022544739e+00
-2.333734641074905469e-02
-7.679632120393738992e-01
-1.751088351651348962e-01
9.072983218115655488e-03
5.711847267009932949e-01
4.108747627271141512e-01
-4.360939791363742657e-01
7.153180355147636948e-02
-1.853267433096358607e-01
-6.726958811928045456e-01
-1.815628629679999495e+00
-1.781098507342614434e-01
1.338515126203086769e+00
7.230925997533010907e-01
8.839458164354513370e-02
-7.159961883500610691e-01
1.596726282603998737e+00
1.477478974038366255e+00
-5.321238587783333474e-01
-9.545103383579027767e-01
-1.625203809955792833e+00
-1.419993952681824378e+00
1.791131668294569046e+00
1.188480016840768982e+00
1.514792377647748545e+00
6.012566839419416498e-01
-1.606941736748043192e+00
5.737449228589625028e-01
6.174680985812237843e-02
4.763730111880213336e-01
-1.613837815668765163e+00
-6.727613169601378562e-01
1.805751658561164819e+00
-8.909577587287823563e-01
-1.135064981141601148e+00
-4.888766056968265050e-01
-1.344232067515120643e-01
6.692377151198268814e-01
-1.163251461101914332e-02
5.301421055633837032e-01
1.205224210477773283e+00
-1.478145287506792860e+00
-1.177619779747768991e+00
3.036897678186754185e-02
-6.895336165039327447e-01
-5.161869882740779403e-01
-1.866903348169808019e-01
-6.830850006186004464e-01
-1.520255424723378157e+00
8.457546000427591526e-01
-3.674868894712736700e-01
3.956559792193056202e-01
-4.862781390376538226e-01
6.837012231554955299e-01
1.821442160819797262e+00
3.154894291464650557e-05
1.541095368879436267e-01
-1.199243288872180901e+00
3.504918980306714893e-01
1.237439651021658316e+00
7.112805259973116190e-01
1.025593292359168185e-01
-1.043239021472056605e-01
7.351869287204887415e-01
-2.196869413394166859e-01
1.184418108163850514e+00
-2.578684604645033462e-01
-3.271748324311021111e-02
4.429258443690415326e-01
1.057532532611280551e+00
1.256334769351192815e+00
-5.011432841499687818e-01
1.709002490821344145e+00
2.143145077542882027e-01
-2.610389799275386613e-01
-5.493363220716915851e-01
1.120026409905595877e+00
-1.242713823150499053e+00
-6.834055071950532190e-01
3.775468259264150861e-01
-5.140602806945339109e-01
1.322053936450813483e+00
-5.538277678488158218e-01
-4.019602865839679295e-01
-1.483421215267508808e+00
-7.549204829411241269e-01
7.284296243276807692e-01
1.822355108401795709e+00
2.060406634230559086e-01
1.943462567424675713e+00
4.083810218834572070e-01
-8.472981272452532187e-01
4.550909396015722641e-01
-7.946868096888625166e-01
5.279036594573663921e-01
2.117453258684632578e-01
7.962164480358944196e-01
2.086800737272703543e+00
5.789643003248000630e-01
6.403800338350548182e-01
-1.437490165005211651e+00
2.055044518948543342e+00
-7.337025189051599172e-01
-9.783263199692143752e-01
3.922729575349990228e-01
1.341322079364875242e+00
-1.242963120750337325e+00
9.659823294397179572e-01
-1.263679351780569560e+00
-1.118011975201316677e+00
-3.700118375269226267e-02
-2.083434295630900213e+00
-2.828960457363027814e-01
1.696928941058022833e+00
-4.307615670070112923e-01
9.112733925569779792e-02
1.106703408693493040e+00
5.474498801723911567e-01
4.957218415853325011e-01
3.227946305792177562e-01
-1.375779606131908098e-02
